{
  "corruption_types": [
    "fingerprint",
    "glare",
    "rain",
    "gaussian_noise",
    "jpeg",
    "motion_blur",
    "defocus_blur",
    "fog",
    "low_light"
  ],
  "categories": {
    "fingerprint": "Lens contact",
    "rain": "Lens contact",
    "glare": "Optical",
    "defocus_blur": "Optical",
    "motion_blur": "Blur",
    "gaussian_noise": "Sensor",
    "fog": "Atmospheric",
    "low_light": "Illumination",
    "jpeg": "Digital"
  },
  "raw_similarity_matrix": [
    [
      0.9999999999781017,
      0.9814691702078138,
      0.7684445764267401,
      0.9426729199563445,
      0.976850087993175,
      0.9651710586138854,
      0.9325872663443782,
      0.9641303899665852,
      0.9542929164398486
    ],
    [
      0.9814691702078138,
      1.000000071247033,
      0.7427638373175539,
      0.9647386574608622,
      0.9963430175609921,
      0.972581826295077,
      0.9477113542502957,
      0.9893342319438866,
      0.967186722432543
    ],
    [
      0.7684445764267401,
      0.7427638373175539,
      0.9999999999816964,
      0.7460705817993322,
      0.7402075766521571,
      0.7445257921921326,
      0.7131639185413777,
      0.7279285441791141,
      0.733303597540723
    ],
    [
      0.9426729199563445,
      0.9647386574608622,
      0.7460705817993322,
      0.9999999999729807,
      0.96575724361104,
      0.9318552156736385,
      0.9196662036163837,
      0.9453459034830894,
      0.9811607464798292
    ],
    [
      0.976850087993175,
      0.9963430175609921,
      0.7402075766521571,
      0.96575724361104,
      1.0000000746000348,
      0.9702325850834158,
      0.9489746456706646,
      0.984891523687877,
      0.9681646438003815
    ],
    [
      0.9651710586138854,
      0.972581826295077,
      0.7445257921921326,
      0.9318552156736385,
      0.9702325850834158,
      0.9999999194530593,
      0.969298463216453,
      0.9696262755402452,
      0.941457838697366
    ],
    [
      0.9325872663443782,
      0.9477113542502957,
      0.7131639185413777,
      0.9196662036163837,
      0.9489746456706646,
      0.969298463216453,
      0.9999998988835876,
      0.9476372944603425,
      0.9291412914777369
    ],
    [
      0.9641303899665852,
      0.9893342319438866,
      0.7279285441791141,
      0.9453459034830894,
      0.984891523687877,
      0.9696262755402452,
      0.9476372944603425,
      0.9999999233800687,
      0.9425311714976791
    ],
    [
      0.9542929164398486,
      0.967186722432543,
      0.733303597540723,
      0.9811607464798292,
      0.9681646438003815,
      0.941457838697366,
      0.9291412914777369,
      0.9425311714976791,
      1.000000076392762
    ]
  ],
  "diff_similarity_matrix": [
    [
      0.9999998881414174,
      0.16393536354253066,
      0.27470642259037226,
      -0.06002936271143961,
      -0.04937326192187676,
      0.2224313399002143,
      0.021686607914354353,
      -0.20282529467851498,
      0.09111379385539287
    ],
    [
      0.16393536354253066,
      0.9999999915301818,
      -0.010433751030940618,
      0.222757949737422,
      0.3294157982316424,
      0.20197693811581738,
      0.1767368747466403,
      0.2807113702377508,
      0.11649620694560518
    ],
    [
      0.27470642259037226,
      -0.010433751030940618,
      0.999999940000614,
      0.226692402225822,
      0.040305618384817096,
      0.19790631413959522,
      0.15783155251543846,
      -0.009241923874952908,
      0.12863138790546416
    ],
    [
      -0.06002936271143961,
      0.222757949737422,
      0.226692402225822,
      0.9999999996849129,
      0.36204706706425827,
      0.09355690777387314,
      0.30965314266040367,
      -0.018267342160248837,
      0.7489815998024355
    ],
    [
      -0.04937326192187676,
      0.3294157982316424,
      0.040305618384817096,
      0.36204706706425827,
      0.9999999274991671,
      0.218206439705827,
      0.3664840380843589,
      0.10758533062050053,
      0.27838612014048963
    ],
    [
      0.2224313399002143,
      0.20197693811581738,
      0.19790631413959522,
      0.09355690777387314,
      0.218206439705827,
      0.9999999220169655,
      0.7060460051071414,
      0.34395755356029645,
      0.12555905383776722
    ],
    [
      0.021686607914354353,
      0.1767368747466403,
      0.15783155251543846,
      0.30965314266040367,
      0.3664840380843589,
      0.7060460051071414,
      0.9999999998005785,
      0.3830502116710523,
      0.29368280859870405
    ],
    [
      -0.20282529467851498,
      0.2807113702377508,
      -0.009241923874952908,
      -0.018267342160248837,
      0.10758533062050053,
      0.34395755356029645,
      0.3830502116710523,
      1.0000000933816298,
      -0.23710515636764884
    ],
    [
      0.09111379385539287,
      0.11649620694560518,
      0.12863138790546416,
      0.7489815998024355,
      0.27838612014048963,
      0.12555905383776722,
      0.29368280859870405,
      -0.23710515636764884,
      0.9999999996402212
    ]
  ],
  "raw_predictions": [
    {
      "corruption": "rain",
      "category": "Lens contact",
      "mean_similarity_to_training": 0.7395510530811413,
      "min_similarity": 0.7131639185413777,
      "max_similarity": 0.7684445764267401
    },
    {
      "corruption": "defocus_blur",
      "category": "Optical",
      "mean_similarity_to_training": 0.9135225546972041,
      "min_similarity": 0.7131639185413777,
      "max_similarity": 0.969298463216453
    },
    {
      "corruption": "gaussian_noise",
      "category": "Sensor",
      "mean_similarity_to_training": 0.924658434010065,
      "min_similarity": 0.7460705817993322,
      "max_similarity": 0.9811607464798292
    },
    {
      "corruption": "low_light",
      "category": "Illumination",
      "mean_similarity_to_training": 0.9271548660457635,
      "min_similarity": 0.733303597540723,
      "max_similarity": 0.9811607464798292
    },
    {
      "corruption": "motion_blur",
      "category": "Blur",
      "mean_similarity_to_training": 0.9330936319140266,
      "min_similarity": 0.7445257921921326,
      "max_similarity": 0.972581826295077
    },
    {
      "corruption": "fog",
      "category": "Atmospheric",
      "mean_similarity_to_training": 0.9339281668448524,
      "min_similarity": 0.7279285441791141,
      "max_similarity": 0.9893342319438866
    },
    {
      "corruption": "fingerprint",
      "category": "Lens contact",
      "mean_similarity_to_training": 0.9357022982435963,
      "min_similarity": 0.7684445764267401,
      "max_similarity": 0.9814691702078138
    },
    {
      "corruption": "jpeg",
      "category": "Digital",
      "mean_similarity_to_training": 0.9439276655074629,
      "min_similarity": 0.7402075766521571,
      "max_similarity": 0.9963430175609921
    },
    {
      "corruption": "glare",
      "category": "Optical",
      "mean_similarity_to_training": 0.945266102183628,
      "min_similarity": 0.7427638373175539,
      "max_similarity": 0.9963430175609921
    }
  ],
  "diff_predictions": [
    {
      "corruption": "fingerprint",
      "category": "Lens contact",
      "mean_similarity_to_training": 0.057705701061379136,
      "min_similarity": -0.20282529467851498,
      "max_similarity": 0.27470642259037226
    },
    {
      "corruption": "fog",
      "category": "Atmospheric",
      "mean_similarity_to_training": 0.0809830936260293,
      "min_similarity": -0.23710515636764884,
      "max_similarity": 0.3830502116710523
    },
    {
      "corruption": "rain",
      "category": "Lens contact",
      "mean_similarity_to_training": 0.12579975285695197,
      "min_similarity": -0.010433751030940618,
      "max_similarity": 0.27470642259037226
    },
    {
      "corruption": "glare",
      "category": "Optical",
      "mean_similarity_to_training": 0.1851995938158085,
      "min_similarity": -0.010433751030940618,
      "max_similarity": 0.3294157982316424
    },
    {
      "corruption": "low_light",
      "category": "Illumination",
      "mean_similarity_to_training": 0.19321822683977624,
      "min_similarity": -0.23710515636764884,
      "max_similarity": 0.7489815998024355
    },
    {
      "corruption": "jpeg",
      "category": "Digital",
      "mean_similarity_to_training": 0.20663214378875214,
      "min_similarity": -0.04937326192187676,
      "max_similarity": 0.3664840380843589
    },
    {
      "corruption": "gaussian_noise",
      "category": "Sensor",
      "mean_similarity_to_training": 0.23567404554906574,
      "min_similarity": -0.06002936271143961,
      "max_similarity": 0.7489815998024355
    },
    {
      "corruption": "motion_blur",
      "category": "Blur",
      "mean_similarity_to_training": 0.2637050690175665,
      "min_similarity": 0.09355690777387314,
      "max_similarity": 0.7060460051071414
    },
    {
      "corruption": "defocus_blur",
      "category": "Optical",
      "mean_similarity_to_training": 0.3018964051622617,
      "min_similarity": 0.021686607914354353,
      "max_similarity": 0.7060460051071414
    }
  ],
  "raw_centroids_norm": {
    "fingerprint": 21.36954116821289,
    "glare": 20.69285774230957,
    "rain": 23.373926162719727,
    "gaussian_noise": 19.238140106201172,
    "jpeg": 20.222476959228516,
    "motion_blur": 19.468013763427734,
    "defocus_blur": 17.37542152404785,
    "fog": 19.960678100585938,
    "low_light": 19.98378562927246
  },
  "diff_centroids_norm": {
    "fingerprint": 4.140148162841797,
    "glare": 1.086583137512207,
    "rain": 15.952505111694336,
    "gaussian_noise": 5.633583068847656,
    "jpeg": 1.851060152053833,
    "motion_blur": 4.958501815795898,
    "defocus_blur": 7.081316947937012,
    "fog": 3.1789255142211914,
    "low_light": 5.272083282470703
  }
}